Elemento Estructurante
Al seleccionar la operador morfológico a utilizar se revisa el text area
*   Si está vacio, por default es una elipse 5 x 5
*   Se puede rellenar para escoger entre
        0- cruz
        1- rectangulo
        2- elipse
    colocando su numero correspondiente en el text area
*   Se puede colocar un elemento estructurante custom usando el formato
        <sizex> <sizey> <anchorx> <anchory>
        <value> . . . . . . 
        <value> . . . . . .

    ejemplo1:
        10 10 0 0
        1 0 0 0 0 0 0 0 0 0
        0 1 0 0 0 0 0 0 0 0
        0 0 1 0 0 0 0 0 0 0
        0 0 0 1 0 0 0 0 0 0
        0 0 0 0 1 0 0 0 0 0
        0 0 0 0 0 1 0 0 0 0
        0 0 0 0 0 0 1 0 0 0
        0 0 0 0 0 0 0 1 0 0
        0 0 0 0 0 0 0 0 1 0
        0 0 0 0 0 0 0 0 0 1
    ejemplo2: 
        15 15 0 0
        0 0 0 0 0 0 0 1 0 0 0 0 0 0 0
        0 0 0 0 0 0 0 1 0 0 0 0 0 0 0
        0 0 0 0 0 0 0 1 0 0 0 0 0 0 0
        0 0 0 0 0 0 0 1 0 0 0 0 0 0 0
        0 0 0 0 0 0 0 1 0 0 0 0 0 0 0
        0 0 0 0 0 0 0 1 0 0 0 0 0 0 0
        0 0 0 0 0 0 0 1 0 0 0 0 0 0 0
        0 0 0 0 0 0 0 1 0 0 0 0 0 0 0
        0 0 0 0 0 0 0 1 0 0 0 0 0 0 0
        0 0 0 0 0 0 0 1 0 0 0 0 0 0 0
        0 0 0 0 0 0 0 1 0 0 0 0 0 0 0
        0 0 0 0 0 0 0 1 0 0 0 0 0 0 0
        0 0 0 0 0 0 0 1 0 0 0 0 0 0 0
        0 0 0 0 0 0 0 1 0 0 0 0 0 0 0
        0 0 0 0 0 0 0 1 0 0 0 0 0 0 0
    ejemplo3:
        15 15 0 0
        0 0 0 0 0 0 0 0 0 0 0 0 0 0 0
        0 0 0 0 0 0 0 0 0 0 0 0 0 0 0
        0 0 0 0 0 0 0 0 0 0 0 0 0 0 0
        0 0 0 0 0 0 0 0 0 0 0 0 0 0 0
        0 0 0 0 0 0 0 0 0 0 0 0 0 0 0
        0 0 0 0 0 0 0 0 0 0 0 0 0 0 0
        0 0 0 0 0 0 0 0 0 0 0 0 0 0 0
        1 1 1 1 1 1 1 1 1 1 1 1 1 1 1
        0 0 0 0 0 0 0 0 0 0 0 0 0 0 0
        0 0 0 0 0 0 0 0 0 0 0 0 0 0 0
        0 0 0 0 0 0 0 0 0 0 0 0 0 0 0
        0 0 0 0 0 0 0 0 0 0 0 0 0 0 0
        0 0 0 0 0 0 0 0 0 0 0 0 0 0 0
        0 0 0 0 0 0 0 0 0 0 0 0 0 0 0
        0 0 0 0 0 0 0 0 0 0 0 0 0 0 0
    ejemplo4:
        15 15 0 0
        1 0 0 0 0 0 0 0 0 0 0 0 0 0 0
        0 1 0 0 0 0 0 0 0 0 0 0 0 0 0
        0 0 1 0 0 0 0 0 0 0 0 0 0 0 0
        0 0 0 1 0 0 0 0 0 0 0 0 0 0 0
        0 0 0 0 1 0 0 0 0 0 0 0 0 0 0
        0 0 0 0 0 1 0 0 0 0 0 0 0 0 0
        0 0 0 0 0 0 1 0 0 0 0 0 0 0 0
        1 1 1 1 1 1 1 1 0 0 0 0 0 0 0
        0 0 0 0 0 0 1 0 0 0 0 0 0 0 0
        0 0 0 0 0 1 0 0 0 0 0 0 0 0 0
        0 0 0 0 1 0 0 0 0 0 0 0 0 0 0
        0 0 0 1 0 0 0 0 0 0 0 0 0 0 0
        0 0 1 0 0 0 0 0 0 0 0 0 0 0 0
        0 1 0 0 0 0 0 0 0 0 0 0 0 0 0
        1 0 0 0 0 0 0 0 0 0 0 0 0 0 0